0
150
237
367
307
457
306
489
49
173
761
180
294
65
132
175
331
255
185
168
352
228
535
146
151
120
22
167
148
105
421
164
267
47
246
86
126
149
151
140
581
120
501
424
422
162
53
136
323
525
924
680
378
174
293
536
305
301
797
324
174
350
55
249
531
125
207
423
331
141
186
106
405
341
345
290
453
387
559
347
560
286
574
174
168
75
233
169
78
358
725
689
66
155
94
134
80
180
420
65
265
485
431
48
520
259
150
702
251
219
315
65
301
758
268
63
336
53
374
353
176
81
679
273
211
217
358
92
252
500
220
521
237
220
421
989
88
408
410
496
136
196
343
118
696
266
386
36
158
239
222
53
571
523
685
79
381
99
226
310
128
724
160
262
431
412
138
345
274
140
90
292
181
108
192
202
486
64
158
283
359
479
604
319
101
195
371
204
564
50
435
20
248
187
93
102
345
132
292
250
363
375
466
68
172
56
532
353
39
55
278
493
372
218
242
259
106
98
507
544
148
1044
420
495
194
187
133
260
228
186
147
741
125
218
461
139
193
169
265
197
70
287
262
188
535
396
343
249
157
107
306
185
157
155
114
324
261
447
332
1015
391
393
210
128
506
303
701
189
51
590
142
124
154
311
207
96
255
312
278
98
191
356
243
272
206
252
377
599
267
115
475
172
232
101
71
141
204
497
126
196
73
130
46
133
209
49
130
143
259
1217
214
158
296
143
1249
203
262
309
223
349
285
115
193
174
214
225
317
115
93
325
285
627
260
195
245
245
363
140
618
187
288
402
173
61
576
478
556
151
370
122
561
351
291
134
310
615
219
261
289
131
67
92
401
209
444
139
359
224
322
163
450
506
368
150
487
148
184
106
210
307
268
104
103
115
336
432
604
225
136
463
497
244
811
472
217
417
277
286
504
158
459
259
130
131
236
548
280
368
81
313
153
347
218
318
66
231
183
905
505
306
126
153
160
327
319
304
644
206
99
145
356
644
99
143
355
435
495
267
265
282
577
798
338
232
67
586
196
99
95
177
173
260
262
935
177
472
119
104
276
428
149
722
206
129
387
175
223
244
153
579
226
135
578
85
370
112
268
51
617
138
139
152
183
596
254
286
94
201
211
237
454
253
242
205
151
211
60
235
265
129
304
362
358
446
208
69
160
592
109
330
140
140
424
162
137
388
205
352
236
288
624
362
74
273
324
143
223
325
120
241
79
274
212
299
640
213
231
338
201
231
565
362
306
509
141
285
496
226
1634
353
160
256
161
596
384
423
318
158
267
182
589
141
490
181
135
240
49
523
495
446
247
499
172
103
187
262
163
192
105
155
191
238
377
279
53
192
374
153
293
190
562
151
173
528
195
321
127
1127
178
588
90
87
243
491
178
374
377
182
117
219
336
328
166
117
130
400
355
377
390
123
155
145
113
156
236
707
82
274
460
235
178
510
221
232
91
499
46
283
115
403
426
81
133
125
120
409
106
314
577
145
283
275
141
319
603
172
81
130
698
283
337
182
396
74
121
311
80
245
104
448
79
333
69
488
368
349
83
390
434
206
174
1058
133
168
160
49
157
210
671
440
693
719
283
289
314
317
425
233
462
182
88
239
231
203
270
520
92
131
231
284
48
409
103
148
42
286
206
208
364
310
611
203
99
452
1421
52
622
318
73
126
186
253
179
466
115
143
160
798
83
52
197
76
267
344
289
691
227
249
114
717
253
216
114
855
397
191
118
127
110
262
793
97
237
217
259
353
362
427
393
571
61
269
139
65
310
606
501
357
101
114
72
87
337
127
292
136
285
50
81
73
348
49
225
148
233
140
143
207
179
430
153
267
215
537
68
225
390
93
263
209
162
154
203
126
252
448
255
76
200
80
193
457
121
646
412
377
79
464
117
876
166
142
110
286
708
583
378
333
418
96
62
92
265
111
708
324
195
301
280
131
451
439
108
395
363
379
365
357
241
95
264
252
174
457
361
361
248
137
227
309
249
392
224
363
305
226
120
175
83
418
248
254
256
326
391
188
255
217
630
155
280
96
479
326
430
27
168
614
133
170
332
471
572
426
193
452
402
139
574
671
568
121
552
160
244
239
356
25
297
186
551
120
175
294
194
503
149
95
262
225
218
144
573
76
66
159
101
200
431
189
263
385
505
387
97
324
235
40
85
184
418
120
340
117
104
266
50
181
149
130
67
306
182
164
812
512
272
963
158
909
134
136
387
669
65
66
395
196
48
429
81
330
321
441
437
62
370
271
759
305
295
251
157
398
458
233
170
293
197
1134
108
93
149
528
247
388
480
263
299
240
141
56
198
174
180
217
380
260
221
100
45
343
363
479
318
516
119
62
458
163
392
155
456
137
550
226
133
177
444
203
387
516
447
91
57
88
191
140
35
552
273
303
182
260
173
213
1004
316
135
236
358
207
191
233
469
313
212
341
95
807
555
160
306
101
481
291
239
477
577
361
312
318
448
113
113
370
410
162
229
99
233
139
343
592
84
334
485
531
139
42
907
88
1313
407
332
469
209
32
442
389
107
63
100
46
141
322
529
70
783
700
115
140
327
103
205
189
798
239
185
601
601
244
98
631
326
356
437
288
190
367
607
313
336
381
303
200
70
64
303
229
727
525
140
253
390
494
307
501
148
674
134
643
451
365
198
134
84
287
251
149
458
684
150
371
394
119
426
253
605
298
105
281
256
407
226
168
164
571
908
150
197
98
120
263
582
146
279
147
202
160
210
198
485
112
330
104
522
439
218
692
365
264
129
316
148
137
291
47
381
218
570
115
353
173
305
149
577
254
167
122
464
90
206
329
343
513
423
453
195
431
198
126
488
565
450
192
120
182
31
182
97
167
305
100
198
457
81
537
305
146
941
134
179
45
351
340
269
234
275
244
97
111
266
380
448
281
144
164
164
61
529
278
248
130
56
401
150
209
586
280
83
279
158
909
366
147
356
112
134
1111
200
197
113
43
302
171
165
292
78
57
42
41
199
318
678
271
126
527
141
267
214
659
256
87
143
212
454
332
293
192
304
160
769
82
347
94
659
40
306
157
267
255
148
271
867
241
209
385
179
280
318
297
523
603
199
202
150
139
200
135
121
89
448
293
75
141
196
630
623
65
199
157
109
151
196
1122
201
612
306
645
345
101
105
315
322
146
145
118
239
133
260
227
65
498
308
50
321
144
319
156
62
182
379
382
85
249
247
58
398
85
133
850
152
169
246
235
297
302
274
307
154
730
225
314
286
175
183
267
624
360
316
207
626
635
418
836
244
706
152
268
287
301
697
277
629
210
243
243
476
160
330
117
318
416
252
323
80
412
198
141
354
670
204
165
489
260
232
382
365
255
236
135
644
222
303
293
99
318
409
204
789
42
534
306
409
153
81
779
101
122
491
104
187
354
246
161
325
184
65
161
388
171
297
416
226
481
219
220
88
134
211
410
366
352
67
557
321
260
67
1097
124
84
610
534
598
103
303
101
176
154
338
265
632
714
348
880
206
168
84
243
216
348
99
288
331
54
476
206
118
208
376
228
89
179
266
348
526
455
416
87
329
196
256
196
170
784
346
117
220
473
137
54
245
187
35
91
164
312
220
81
364
384
410
387
148
972
105
404
491
770
256
117
144
255
29
120
200
207
40
165
313
361
125
128
155
86
440
113
97
352
304
38
57
309
207
209
204
119
264
365
470
244
448
489
565
162
135
118
120
71
202
60
339
397
198
296
176
104
202
126
406
840
306
217
304
300
183
150
635
316
239
279
435
165
235
163
446
92
244
681
135
416
207
428
132
115
276
226
188
152
443
309
306
384
56
233
73
352
171
301
223
102
117
161
173
159
265
166
247
252
306
195
514
229
99
488
761
138
328
532
691
384
138
274
766
237
96
207
117
721
433
177
160
243
111
401
416
690
752
238
182
344
175
647
303
307
142
93
539
255
274
228
145
426
35
241
133
125
205
82
194
328
552
826
656
160
612
196
449
237
64
238
202
138
423
277
1113
124
113
319
173
274
323
212
339
225
781
151
132
310
166
151
789
369
173
665
155
188
76
257
404
378
27
473
257
327
135
300
400
229
280
111
174
755
621
158
422
339
105
491
258
239
350
1229
879
198
40
418
150
169
159
381
423
175
323
675
406
525
556
174
397
72
307
259
697
263
297
272
95
104
72
220
580
737
350
57
390
106
199
110
118
565
125
132
188
342
155
208
702
183
341
300
242
320
370
236
345
872
368
278
179
378
323
371
654
182
208
234
76
330
216
195
149
488
525
165
251
261
574
169
165
386
819
141
162
141
645
279
238
516
234
85
141
188
189
71
154
211
193
521
144
165
351
95
602
226
87
231
234
166
157
835
491
196
193
315
403
281
147
386
677
655
131
108
183
241
176
139
264
790
979
93
203
343
153
116
235
122
163
515
276
403
176
543
104
291
235
87
163
75
113
111
125
442
247
79
191
115
493
905
140
140
309
298
404
114
69
651
71
268
365
313
337
512
1166
161
254
252
41
160
98
389
113
864
128
183
86
337
322
132
354
420
226
164
180
310
254
450
144
342
208
348
689
101
55
212
102
704
381
154
93
72
191
413
123
480
133
119
289
330
681
456
298
360
144
417
314
206
269
833
467
211
213
81
412
69
228
412
236
473
377
125
773
819
355
512
445
231
204
438
91
119
211
813
159
351
843
100
67
288
629
195
175
47
873
248
1580
173
193
159
463
123
169
236
242
503
173
96
477
563
418
58
57
215
266
202
198
70
449
174
84
394
336
122
222
252
264
229
324
181
127
205
142
121
307
476
105
76
130
432
362
584
57
291
297
189
147
72
527
104
93
66
528
196
496
152
542
227
220
827
116
119
159
305
439
195
185
158
261
646
433
307
542
107
138
359
356
105
93
284
349
365
395
309
112
81
585
384
491
227
147
513
262
379
50
74
60
371
222
103
643
481
812
303
61
134
49
143
243
232
366
395
1144
634
364
223
164
240
81
158
67
314
680
181
462
109
226
133
265
206
389
1070
342
502
411
384
431
401
69
33
154
256
585
96
103
1013
520
321
329
419
919
195
322
380
542
264
541
355
79
190
571
238
98
67
229
83
463
151
112
636
552
122
107
112
213
207
356
287
59
164
323
146
126
104
414
526
65
357
231
520
437
215
511
49
473
749
117
58
261
361
350
816
245
175
387
374
679
379
277
366
343
517
210
155
423
225
245
91
92
266
58
221
52
264
28
90
540
268
220
376
253
112
51
258
248
184
318
1613
92
183
364
640
270
491
589
185
651
209
129
184
107
193
220
666
329
298
383
247
308
285
642
583
100
156
652
303
136
75
79
189
583
926
348
66
200
377
37
223
353
74
267
487
575
336
889
124
374
83
349
92
265
90
347
315
164
202
314
174
100
176
350
400
179
204
213
116
320
284
134
105
366
103
274
238
130
479
201
979
593
77
175
150
497
198
261
376
34
161
891
267
229
415
382
321
1396
494
79
217
227
93
101
459
193
251
462
246
364
248
119
87
364
179
340
98
462
180
457
566
215
372
356
115
1121
97
123
71
352
415
144
452
492
270
108
308
329
314
963
243
261
420
402
331
127
240
143
146
256
116
348
235
148
289
528
438
326
51
272
159
264
128
818
679
560
140
153
437
292
187
515
50
596
201
360
458
557
169
89
346
75
179
385
215
398
258
163
177
54
460
394
228
93
332
88
90
575
179
210
175
213
260
542
812
408
67
493
173
55
193
192
279
447
289
316
378
703
168
172
345
80
223
258
139
179
282
29
129
313
448
89
224
134
282
412
45
202
228
383
124
451
110
116
190
78
311
192
301
327
121
416
316
481
367
217
494
771
185
152
224
143
345
299
60
181
452
367
122
364
66
231
308
587
334
176
260
332
131
417
235
87
380
146
80
486
560
110
237
95
119
216
160
172
82
504
877
396
69
533
116
315
209
92
207
378
251
69
101
259
190
159
94
83
261
416
1020
147
721
232
175
572
295
457
261
126
579
148
238
217
270
421
303
112
197
79
255
208
360
99
149
227
285
511
357
515
56
163
198
96
203
317
350
409
303
102
266
319
311
1168
532
431
100
151
30
166
438
347
205
52
248
499
189
391
281
420
156
67
255
295
146
1069
142
389
179
308
150
193
668
425
278
49
279
270
478
352
272
292
212
306
57
201
213
489
258
303
59
164
296
207
228
153
611
68
119
460
141
460
97
382
155
164
580
139
179
204
178
99
204
294
262
299
215
149
640
75
464
92
92
79
385
185
412
572
232
229
86
259
272
380
401
221
182
122
223
425
106
149
678
270
301
408
561
157
126
398
230
241
139
632
556
334
323
60
180
149
804
199
99
666
378
422
212
207
483
98
124
62
265
56
231
518
128
353
574
230
759
551
459
593
67
292
123
135
46
152
259
178
572
131
224
105
456
141
89
317
425
351
145
468
229
383
146
219
396
207
639
583
168
131
551
62
118
224
321
220
127
247
168
30
88
72
277
101
610
127
120
736
147
98
101
302
380
940
244
193
255
203
201
114
566
273
231
598
654
572
187
111
411
333
244
103
422
632
183
188
189
507
98
456
126
118
113
79
191
116
490
133
112
589
222
125
167
51
38
83
269
303
432
26
340
576
856
174
187
115
294
103
263
186
255
178
220
605
199
308
162
255
230
157
348
485
273
145
195
1500
492
154
190
430
84
398
200
149
494
476
137
230
490
290
272
117
265
17
261
120
78
344
331
254
386
177
169
852
456
1027
209
170
452
208
263
532
242
734
126
116
274
364
728
166
79
1036
79
93
86
799
114
117
108
200
142
155
348
210
89
339
123
187
489
303
315
138
172
286
456
196
394
208
97
914
333
152
105
686
264
696
314
269
191
538
307
155
225
105
288
183
225
264
265
57
34
398
249
297
284
595
382
276
143
196
314
501
184
257
268
374
137
147
57
248
126
124
75
170
150
255
228
231
340
64
168
875
81
251
140
223
132
164
337
183
323
341
336
159
480
76
268
228
651
162
130
351
176
708
610
290
112
329
513
262
88
295
523
130
177
493
358
78
243
162
108
602
234
190
340
176
292
95
372
530
493
451
91
130
52
316
72
184
183
188
444
239
469
290
461
72
387
162
167
64
66
385
155
371
714
970
182
84
231
466
116
264
125
624
406
93
705
206
90
65
243
134
866
92
276
458
94
252
259
59
106
246
399
66
429
91
686
184
159
254
73
278
207
316
659
167
308
641
266
162
181
381
140
211
322
129
482
239
251
181
202
360
955
521
222
696
60
164
56
314
303
259
101
32
101
38
329
335
287
347
64
685
247
174
270
328
184
154
330
162
511
127
146
381
272
462
59
408
1060
335
951
137
134
207
347
405
43
99
68
729
964
99
310
106
222
127
178
138
218
250
304
339
217
82
475
156
185
526
85
125
609
223
334
122
170
330
348
329
228
451
190
200
584
369
104
258
275
310
318
305
282
90
414
214
575
405
239
116
69
58
343
318
169
379
419
196
628
405
314
45
85
117
253
235
516
250
111
83
185
151
172
211
338
238
72
267
67
282
173
84
262
353
434
249
146
380
51
365
114
138
264
37
295
460
371
837
470
187
515
297
379
93
197
445
153
293
239
279
222
310
156
217
353
382
111
206
207
107
255
114
282
399
279
293
31
73
696
75
167
264
235
193
65
869
583
375
100
376
123
42
132
211
253
85
612
102
510
344
134
128
369
211
149
284
69
314
229
258
154
119
388
168
126
212
176
365
288
97
123
157
243
317
380
172
196
135
356
451
228
402
493
326
122
144
263
375
265
206
256
484
278
250
166
185
124
251
324
133
221
244
276
215
106
132
765
307
291
433
187
537
180
191
170
133
374
1132
502
155
852
389
576
38
343
407
304
49
179
699
83
56
273
355
246
121
160
165
865
114
264
613
690
165
413
113
101
47
289
241
1214
549
200
605
521
487
382
278
206
103
459
266
513
279
221
280
936
339
221
105
297
74
278
144
249
131
601
551
168
244
111
126
149
188
235
736
80
43
234
214
144
199
177
237
183
133
366
132
379
145
450
379
203
614
283
98
51
309
100
102
804
590
183
454
1072
583
83
117
428
514
315
260
299
386
137
462
86
457
219
82
82
357
159
150
426
124
219
478
374
134
59
141
522
183
230
122
78
116
361
112
109
205
633
92
312
205
499
117
154
288
171
244
492
232
92
137
211
202
193
223
69
544
76
250
443
213
108
479
306
204
165
489
203
152
325
205
114
264
84
443
409
351
493
123
413
300
723
249
22
262
223
93
356
405
161
400
262
248
175
427
618
236
128
308
428
362
310
57
163
668
244
89
238
315
552
233
198
414
282
598
108
513
641
25
57
249
191
324
1045
290
929
219
607
122
308
151
115
638
96
481
290
300
160
313
341
308
125
484
568
238
900
371
72
912
394
434
219
466
480
283
640
282
296
578
169
828
119
171
95
483
45
126
286
98
86
82
379
362
260
130
155
237
209
164
96
60
137
499
388
239
241
407
285
310
488
322
298
86
172
144
413
552
65
233
815
423
292
284
112
133
68
172
254
206
188
206
379
65
1093
92
85
94
183
154
67
329
209
435
171
253
162
436
71
323
165
346
79
351
70
72
694
280
184
892
129
222
413
295
105
186
420
336
165
237
635
68
135
133
320
169
97
173
383
367
209
346
45
129
119
408
206
99
319
586
309
214
279
153
127
169
687
856
845
93
148
132
371
920
416
77
422
82
98
382
197
109
328
249
283
271
199
429
606
85
190
208
232
187
235
199
67
463
571
181
95
604
73
591
389
472
119
378
817
220
356
89
261
152
779
628
142
317
669
420
386
312
217
230
205
145
556
73
43
113
226
306
292
246
241
134
217
252
53
295
389
486
224
130
35
321
124
121
630
98
191
154
68
104
126
251
142
220
831
229
92
92
839
296
180
102
182
81
385
151
378
111
120
244
829
146
125
449
194
269
529
98
135
226
477
526
156
376
172
243
230
236
422
670
128
479
640
373
137
51
70
475
81
322
305
942
178
135
735
112
180
43
521
220
383
57
129
42
428
268
381
141
122
262
227
183
323
89
209
118
65
134
326
57
149
317
55
756
221
560
487
166
458
104
74
586
90
141
77
704
63
80
280
423
198
561
640
605
131
116
697
82
72
358
724
354
134
277
202
69
558
395
277
813
173
324
559
262
775
104
159
103
233
712
512
124
431
516
457
515
178
255
65
121
245
180
281
96
289
282
86
192
278
194
157
227
357
955
160
415
89
297
296
545
309
139
194
179
69
491
164
376
780
343
600
148
303
121
467
230
401
340
775
894
210
65
361
254
395
123
164
511
212
255
347
1455
113
140
242
204
352
87
306
118
471
295
153
298
345
46
143
93
362
359
104
129
342
416
355
28
238
222
791
229
1013
132
681
317
309
538
101
593
68
283
194
720
214
284
175
161
465
396
139
252
426
192
340
122
140
188
294
44
379
85
113
358
236
92
174
302
243
554
109
237
372
535
420
225
45
196
128
251
562
320
112
89
306
212
92
221
400
332
597
158
167
637
152
190
183
354
137
266
598
288
190
303
1196
264
234
441
299
127
432
210
142
483
363
119
92
64
724
91
152
529
652
699
381
611
460
193
171
343
78
205
416
340
275
177
328
66
49
171
412
348
441
275
521
213
303
248
125
172
750
213
62
109
311
71
164
171
115
390
107
415
183
490
384
65
50
144
284
217
285
164
48
403
207
176
122
270
175
715
452
195
306
104
107
420
123
83
312
943
272
471
288
140
185
152
247
181
231
838
163
220
544
660
306
352
387
73
519
550
358
200
347
135
84
55
481
980
333
167
219
350
139
594
331
350
405
420
413
456
123
189
117
251
180
97
84
110
311
745
316
709
192
480
190
370
89
48
194
54
265
120
347
453
442
198
288
213
284
612
184
511
229
108
154
449
110
264
110
163
176
312
140
133
416
244
121
343
184
150
243
454
173
152
184
284
329
317
237
266
387
253
214
518
1746
27
223
117
236
587
103
475
175
666
409
928
806
130
247
451
215
115
143
409
200
139
190
154
603
249
217
343
110
289
151
140
166
239
334
581
158
277
204
92
131
116
211
330
474
283
415
78
143
611
74
356
422
287
153
100
79
183
81
344
192
619
789
336
364
171
89
205
199
264
133
186
155
352
121
99
474
296
151
250
116
256
485
307
122
139
299
52
187
178
252
239
236
261
95
491
155
123
202
256
342
324
124
280
470
529
185
219
181
125
273
160
373
85
481
129
239
319
227
187
241
35
179
169
87
341
306
244
174
94
88
113
400
425
364
113
153
230
262
230
572
516
110
265
426
356
242
191
289
264
97
381
358
279
477
105
191
109
350
201
586
129
193
616
300
274
177
646
497
157
604
146
561
76
350
136
93
226
100
114
246
656
84
56
215
320
87
978
49
231
245
143
661
45
209
202
98
37
196
106
142
799
258
66
97
146
98
250
257
497
159
312
311
173
95
406
171
395
507
209
200
134
559
624
683
280
103
192
609
304
295
372
1088
71
623
478
445
651
1236
415
238
420
665
131
858
175
230
138
178
62
59
152
128
80
382
649
311
758
144
558
506
397
108
439
621
172
560
342
529
454
236
80
55
121
424
341
125
307
450
88
144
59
699
189
688
237
116
381
250
111
440
597
323
233
246
31
131
492
166
404
376
171
159
269
138
231
641
464
553
833
227
850
92
233
197
632
65
328
359
545
211
281
224
366
68
336
303
604
546
444
279
80
234
280
335
941
475
433
471
389
152
61
270
120
372
397
278
145
807
218
222
118
404
557
235
241
183
300
259
282
354
276
640
239
223
279
126
386
330
98
61
59
591
97
886
288
111
207
55
132
120
152
101
304
157
190
138
526
124
1156
72
271
249
348
489
280
162
208
159
89
104
969
352
193
197
124
192
197
143
112
161
662
105
125
237
762
259
319
169
104
139
740
865
326
284
352
345
450
88
159
326
346
397
384
388
135
170
127
375
346
314
35
225
433
71
147
413
395
104
346
76
350
254
450
110
781
308
79
320
132
122
481
127
184
297
190
508
318
109
173
157
379
246
59
324
467
103
44
455
108
648
261
231
107
119
288
176
50
396
654
329
100
186
106
338
283
206
555
604
618
163
337
149
331
530
256
625
227
126
494
219
284
241
547
159
544
463
262
250
178
260
272
248
113
144
323
240
154
170
71
299
105
422
314
122
148
248
333
93
98
51
225
158
668
146
106
174
245
334
147
81
368
166
144
256
345
87
1208
207
446
48
391
129
111
134
411
242
386
91
358
185
187
342
152
276
128
651
305
573
575
355
199
397
150
852
315
417
253
279
268
694
620
262
78
236
236
297
225
149
354
183
297
444
124
170
208
246
367
88
336
181
203
63
326
98
136
191
457
326
195
463
127
559
99
189
91
249
86
606
150
268
915
218
235
1178
459
210
244
793
400
271
106
737
529
667
386
440
90
290
156
95
265
45
345
273
103
129
537
212
197
103
91
202
312
456
466
106
380
105
327
228
80
246
82
91
251
319
245
160
206
299
752
128
203
83
366
516
96
474
355
123
71
61
358
317
55
171
191
190
95
304
257
404
56
58
433
78
502
656
399
139
265
429
488
1749
444
205
366
162
264
562
376
78
110
65
222
144
202
192
125
326
274
144
780
222
144
712
143
410
165
43
215
184
345
236
261
49
89
276
380
348
221
196
230
229
217
690
323
308
113
76
241
399
90
198
117
186
246
221
472
844
242
109
539
381
199
171
455
195
346
196
738
585
548
297
164
173
618
104
44
157
356
200
1283
121
102
74
152
353
279
622
204
420
102
283
115
269
144
183
519
33
180
377
617
372
111
550
223
343
667
427
263
516
139
118
390
326
699
238
404
373
952
74
83
243
69
61
744
353
1207
32
188
275
98
189
57
148
190
124
74
107
230
324
127
823
345
601
145
1027
206
517
535
146
517
1388
423
120
370
590
148
194
189
167
417
142
91
312
582
275
354
99
166
257
246
265
168
175
307
74
101
109
283
366
122
152
241
337
300
203
437
122
161
264
446
682
114
167
368
89
255
862
430
783
348
521
321
59
296
366
151
304
575
347
247
252
182
100
374
78
28
634
602
238
238
214
157
100
298
90
174
430
343
170
191
707
586
440
116
333
249
68
116
249
368
171
694
324
587
251
328
146
1021
404
445
240
361
63
77
298
191
271
160
457
205
130
51
403
118
123
258
328
262
69
1326
315
215
407
610
192
119
71
134
233
127
260
722
672
665
1234
409
166
612
173
364
744
128
184
205
96
391
197
125
151
118
342
162
420
317
476
130
405
753
217
176
1337
421
111
228
204
451
475
425
140
126
484
161
231
121
191
130
254
298
1012
269
86
195
89
393
350
249
424
378
517
186
188
240
452
234
358
74
281
286
167
394
412
210
156
85
199
286
129
126
504
478
141
194
120
52
156
136
143
180
190
199
58
139
257
249
292
249
478
122
235
172
485
250
323
733
167
195
145
101
174
199
674
78
415
443
332
287
228
409
464
102
423
655
557
165
103
279
499
387
103
741
280
100
239
1011
466
134
741
73
220
250
391
143
74
1029
258
220
549
205
126
196
142
381
282
419
200
155
461
51
406
110
527
155
157
81
179
212
436
132
95
527
41
286
158
315
59
121
56
531
116
88
218
154
354
39
455
259
275
335
146
97
542
303
253
81
72
241
155
236
174
125
130
442
169
1179
305
295
241
502
109
1331
97
233
775
585
417
334
313
180
109
341
158
278
296
182
87
230
596
294
159
318
174
401
259
1024
317
468
72
124
145
132
444
280
102
151
345
348
850
36
237
406
259
80
252
404
600
229
90
215
226
128
90
228
244
68
140
486
26
199
682
230
158
513
1365
187
67
100
222
153
318
954
578
222
336
719
109
104
1056
243
327
179
242
264
184
347
241
509
97
242
250
343
291
763
434
97
494
560
181
195
269
352
137
208
765
276
91
104
87
332
424
156
413
764
798
169
383
168
325
376
333
529
229
138
340
212
152
95
288
508
354
347
226
220
158
123
314
55
289
171
52
191
526
352
120
102
232
169
85
354
324
119
201
203
618
167
66
105
92
143
189
633
141
86
573
234
92
228
431
135
474
116
804
317
125
341
264
62
366
70
495
342
245
460
100
109
101
45
168
172
117
115
110
438
404
387
98
317
96
111
90
314
43
517
476
276
611
64
120
67
237
233
36
187
255
170
55
197
556
368
448
290
437
450
171
159
54
194
330
262
93
463
546
348
469
172
64
332
172
1093
52
23
171
588
609
84
510
495
388
108
461
194
239
438
545
51
465
320
203
220
420
821
1050
624
530
124
269
193
563
595
418
119
304
498
759
387
64
110
221
528
184
415
481
116
197
227
130
372
558
454
133
223
452
75
320
160
132
268
249
90
167
66
345
151
623
218
431
663
298
105
129
177
611
446
328
94
185
2627
419
223
178
224
67
70
52
544
111
683
310
385
403
421
43
430
105
300
611
408
405
37
84
71
361
142
202
279
180
331
308
99
53
450
344
77
443
213
326
248
131
204
319
300
167
813
261
427
469
403
354
431
274
265
155
355
609
346
57
511
443
286
48
436
194
208
133
384
242
69
71
465
358
203
143
63
115
143
533
237
83
159
360
581
395
66
491
177
545
374
113
277
122
861
224
410
225
377
181
48
426
582
1357
610
101
253
100
150
220
501
78
155
515
207
659
603
710
69
254
125
150
158
340
181
61
378
501
157
705
228
382
274
123
105
132
71
260
239
63
289
253
110
332
532
149
133
339
253
173
152
257
141
251
145
134
333
62
145
48
256
140
131
400
213
201
320
176
329
105
179
126
269
280
569
213
559
392
679
197
104
203
233
345
420
378
212
134
292
68
228
208
296
248
163
920
251
320
101
676
306
770
199
57
108
36
127
283
476
402
112
69
213
217
242
174
239
196
90
317
594
279
59
423
119
144
334
354
89
513
222
387
448
128
240
214
117
155
149
253
239
60
354
158
171
331
564
333
331
613
174
202
119
367
447
151
430
348
273
276
759
514
509
176
199
156
304
77
324
304
52
56
543
52
724
448
145
260
74
76
174
537
119
581
117
525
186
65
199
607
545
102
433
311
335
595
353
501
343
1039
412
80
263
343
623
129
432
666
126
373
69
191
476
101
473
107
490
290
104
197
257
290
447
172
668
282
318
724
371
59
188
74
498
705
147
76
116
250
298
170
123
243
25
108
399
432
733
153
381
290
622
281
330
564
151
234
282
597
802
103
668
414
181
233
159
444
551
151
762
134
170
787
289
530
189
99
498
222
285
179
145
330
323
188
246
117
843
294
127
333
511
95
208
237
149
295
893
303
183
178
592
299
174
337
695
343
402
143
271
173
297
42
38
289
252
297
214
220
166
136
95
184
858
163
375
51
185
342
125
144
431
537
167
539
114
475
331
85
512
332
238
175
441
301
98
419
456
193
54
95
51
173
651
383
180
262
96
554
397
112
38
107
184
116
130
442
248
393
541
72
50
159
370
72
177
60
177
153
338
538
710
131
332
713
237
478
218
106
265
710
70
116
526
70
436
214
178
228
165
158
567
345
75
307
234
268
67
166
169
149
662
172
183
130
352
100
357
95
222
236
677
107
215
464
218
157
1153
354
228
191
329
604
172
220
607
60
258
409
230
246
88
203
182
217
156
315
88
58
321
206
183
191
823
229
451
455
105
146
118
126
90
233
861
450
248
84
362
153
469
472
519
377
171
205
111
122
419
378
391
400
116
559
356
421
681
332
322
58
1298
141
232
421
208
335
94
75
140
104
381
594
402
188
144
108
598
222
488
127
281
567
84
129
199
1257
68
102
656
163
67
295
338
513
91
157
290
162
75
424
158
208
443
1169
82
244
338
188
235
183
114
589
859
183
38
82
367
313
182
302
115
204
149
238
180
412
158
319
318
132
272
576
164
488
257
252
174
480
574
238
39
199
111
92
221
445
859
144
136
106
558
339
456
74
415
107
205
379
253
533
423
296
517
167
172
484
101
171
749
368
85
512
263
71
272
873
69
276
174
171
297
502
117
487
198
326
416
84
378
245
57
64
242
212
228
112
232
761
415
200
141
342
724
645
147
172
249
277
251
213
298
118
363
368
222
115
109
438
341
756
119
318
162
253
412
176
717
308
841
240
56
174
226
291
60
390
291
214
48
383
206
100
183
306
154
100
183
313
534
75
100
264
543
170
306
724
428
151
80
230
470
243
1313
69
264
154
197
166
234
115
338
157
80
73
45
88
200
409
298
327
364
153
93
452
146
221
197
385
116
203
544
206
77
179
405
326
137
189
742
183
305
597
226
156
173
187
224
260
417
145
226
138
340
495
227
153
267
94
173
253
177
68
250
325
502
279
315
617
141
314
107
133
335
110
94
82
133
582
188
229
818
124
630
138
530
173
172
580
239
58
454
103
175
278
265
68
685
161
44
103
94
98
410
110
557
57
447
217
138
384
109
132
95
163
570
353
233
146
218
351
154
410
181
153
408
200
329
109
907
409
192
575
139
369
380
68
129
127
317
161
228
263
109
691
165
207
143
162
85
159
272
381
393
281
777
115
430
114
162
310
62
232
243
180
239
152
326
376
206
66
181
493
409
624
251
86
86
445
51
89
190
316
776
262
396
172
335
130
200
209
230
111
191
252
497
196
98
200
158
348
748
574
115
187
120
417
70
169
721
205
111
64
76
57
92
194
507
161
334
315
300
146
591
335
195
458
210
37
666
725
88
221
207
388
175
219
112
529
88
517
437
219
138
320
290
234
173
253
128
470
361
814
286
152
235
462
227
128
75
69
262
84
98
331
56
301
56
44
81
415
414
972
180
266
315
163
197
582
166
548
39
357
81
571
122
331
542
292
45
810
625
220
889
690
153
808
456
178
57
65
569
591
85
100
661
138
339
296
145
75
138
149
87
173
569
72
173
215
638
187
626
441
413
373
260
122
486
329
341
104
250
592
143
216
428
316
113
343
665
102
82
245
213
122
107
477
510
324
165
252
172
675
238
238
101
200
259
217
158
327
195
195
205
95
460
156
93
305
619
159
787
364
143
109
391
216
383
409
83
185
167
156
397
127
137
228
256
215
184
144
185
583
41
432
164
143
281
239
527
207
472
256
189
247
77
232
416
302
185
316
294
93
118
121
251
832
73
116
47
167
217
216
529
339
453
124
184
288
172
570
395
455
479
717
187
640
455
69
259
157
246
390
117
214
253
356
41
268
173
153
151
257
50
312
184
213
223
187
123
69
994
312
339
299
73
36
119
255
314
225
232
127
894
253
185
80
744
497
38
264
55
74
44
494
565
191
237
85
133
1152
335
289
385
48
539
254
115
900
305
432
123
177
183
140
164
83
950
507
173
264
156
196
225
610
210
65
200
230
132
375
574
655
96
251
323
249
270
416
416
772
93
170
113
138
223
169
137
309
127
200
420
476
248
618
814
67
185
188
190
133
315
226
112
223
1041
240
81
195
438
73
137
152
147
84
296
473
849
79
269
545
190
84
118
269
355
311
161
496
90
466
249
507
36
70
115
409
337
350
97
163
174
268
151
197
97
126
488
367
97
235
212
211
196
241
99
96
882
346
537
434
726
56
187
208
353
61
139
162
209
190
186
337
269
453
304
330
163
57
220
202
103
414
963
255
416
187
168
291
224
177
186
367
59
368
232
780
187
20
70
218
170
193
196
123
275
394
665
208
148
327
192
187
162
68
410
364
501
236
405
58
283
171
333
1079
420
376
211
253
240
198
79
240
211
398
389
80
118
101
226
391
80
164
100
383
100
226
189
305
179
131
165
156
293
397
123
173
438
207
259
111
109
323
138
436
129
282
138
124
224
495
64
505
339
168
193
85
103
105
541
284
136
173
366
165
96
247
390
426
224
138
107
90
116
186
474
61
556
379
394
113
535
343
510
280
90
368
402
565
309
284
181
155
116
123
457
443
398
58
49
214
541
95
311
335
187
620
430
134
118
143
421
83
83
297
504
294
174
189
113
216
241
173
130
120
501
167
193
145
71
456
189
254
96
111
277
683
301
123
130
306
639
664
157
502
717
51
231
242
182
529
292
136
346
118
338
205
261
409
246
60
80
365
62
107
459
121
175
451
792
243
79
84
184
123
47
234
384
200
107
318
284
384
234
83
220
233
380
142
197
135
122
130
131
223
274
308
288
356
280
162
129
196
186
205
146
320
601
138
60
409
95
105
181
237
92
234
314
282
76
644
113
294
497
558
113
67
284
154
311
66
539
331
292
266
311
446
799
185
418
112
128
651
471
748
143
302
238
117
335
88
233
118
185
92
568
356
143
79
149
116
230
260
308
588
112
194
210
584
102
193
181
413
148
194
67
453
1180
88
453
85
663
104
830
348
256
378
351
127
59
108
302
67
347
200
233
520
342
386
714
307
333
797
441
271
176
510
530
274
211
378
168
155
146
92
509
563
245
500
100
135
451
1280
502
171
159
366
274
491
728
111
237
151
256
131
241
259
587
119
204
357
207
163
97
276
200
242
303
275
184
57
200
409
195
146
485
50
534
251
105
705
392
306
427
357
59
340
140
69
540
626
56
142
210
46
414
66
74
56
273
79
865
210
180
234
302
312
41
131
292
262
361
151
270
246
114
110
269
532
236
299
633
150
669
374
44
594
42
184
327
128
903
198
552
61
203
106
694
134
117
317
109
379
484
154
406
404
63
329
142
88
88
795
232
504
99
481
116
788
104
222
706
469
167
212
280
250
147
110
131
235
389
456
788
178
219
266
1192
278
82
309
330
415
335
202
609
331
141
314
157
133
152
483
422
180
190
133
554
102
689
276
390
92
453
833
311
130
92
279
156
102
445
233
113
828
551
270
119
87
197
123
164
468
100
296
182
132
261
242
19
389
753
329
229
59
216
256
97
190
78
24
133
186
92
178
411
765
232
181
242
531
185
312
382
60
499
309
392
251
276
471
814
200
278
156
261
303
265
492
699
201
320
442
63
168
106
82
370
99
109
193
263
67
432
474
177
201
283
425
314
453
163
314
50
182
827
566
205
77
30
346
220
222
140
264
186
125
80
398
709
254
319
135
500
133
86
162
150
122
47
96
48
447
149
602
442
567
108
232
525
88
511
191
231
506
799
927
288
487
528
110
163
244
372
955
789
40
160
466
189
298
621
330
216
115
364
125
462
165
187
137
32
236
364
455
461
91
370
570
125
112
293
136
162
264
113
423
237
502
445
139
324
213
226
386
465
324
230
345
113
91
696
88
190
555
385
380
785
335
134
549
98
200
358
359
71
547
216
756
153
372
195
167
382
310
112
336
407
282
284
82
40
88
542
402
275
59
595
209
310
284
349
409
565
49
276
56
305
153
69
700
159
155
116
117
221
151
476
352
265
464
96
421
103
57
47
594
661
289
307
650
313
230
307
47
605
51
183
555
508
110
172
535
74
48
124
128
268
464
261
244
113
198
144
477
168
432
127
87
285
219
261
875
170
71
43
333
199
230
728
750
88
44
276
321
76
236
370
752
192
78
227
122
167
80
169
221
220
451
194
336
233
266
279
94
911
101
440
177
282
164
120
231
415
98
241
121
125
300
563
503
243
573
292
151
564
617
180
492
82
180
362
509
134
95
166
257
536
132
349
294
176
207
259
182
164
196
271
227
90
468
257
73
266
127
282
256
276
575
106
704
165
186
120
76
385
388
377
757
299
217
366
566
128
223
428
213
218
378
147
213
64
466
147
193
241
39
695
82
168
557
386
134
140
65
421
399
286
167
114
418
778
293
217
238
530
238
85
208
60
467
571
343
333
931
104
450
500
122
82
428
316
215
36
99
163
557
318
434
118
284
154
818
660
246
148
511
85
43
140
86
190
325
145
318
164
87
338
146
390
218
546
333
483
156
55
429
230
193
206
156
395
57
78
116
86
515
369
509
226
179
73
540
510
171
223
147
700
1350
38
788
57
109
165
206
124
91
318
572
296
266
82
93
122
431
398
446
108
546
1122
267
144
473
286
123
216
324
392
546
145
229
172
518
248
143
197
791
394
602
137
166
356
248
308
330
156
263
334
185
95
67
638
328
170
103
466
227
104
155
203
142
527
54
594
73
171
147
88
447
149
87
512
148
402
130
495
314
681
349
349
180
317
152
219
162
85
740
416
223
158
247
630
525
229
479
447
143
315
253
322
171
313
320
390
850
234
210
114
196
511
903
107
268
251
320
109
558
574
156
322
248
143
65
410
265
141
115
486
155
357
213
451
182
105
239
380
152
178
255
331
193
357
82
284
102
199
191
438
454
357
150
247
220
203
114
334
152
161
302
170
223
265
150
511
230
422
54
381
72
48
202
122
300
200
249
453
274
50
170
110
515
615
233
218
118
361
154
91
782
208
196
783
453
560
247
187
171
179
78
178
75
568
323
71
159
597
373
67
462
61
339
178
311
1196
341
314
183
412
377
210
166
124
156
510
99
114
442
87
113
478
237
282
1072
186
737
133
181
618
110
367
858
475
238
239
523
185
99
329
94
543
80
197
162
449
295
304
180
268
87
258
271
275
320
90
45
50
517
213
147
105
413
808
97
181
165
288
279
121
118
123
484
192
321
196
145
1109
125
147
115
95
425
280
401
891
387
104
85
403
543
226
59
93
277
108
79
640
379
759
375
175
218
124
398
529
99
445
312
207
81
460
138
181
164
364
367
134
169
215
338
677
75
545
269
598
144
531
247
458
324
192
88
199
178
250
276
89
180
169
154
192
128
185
173
643
256
586
138
133
159
203
162
94
69
278
289
433
128
510
225
210
172
219
72
169
271
722
154
127
270
332
347
509
91
301
146
856
294
801
626
267
112
267
798
124
262
94
192
133
285
356
560
90
175
390
188
83
302
308
516
97
71
196
196
213
266
244
305
365
496
275
169
198
234
127
745
155
401
164
523
88
97
137
143
208
252
196
60
351
240
307
370
155
53
424
409
190
231
161
154
588
250
955
235
155
911
170
334
626
393
86
329
342
359
130
113
115
312
138
172
297
778
757
43
423
524
535
54
157
346
201
197
161
30
212
353
196
306
119
848
380
112
315
153
178
279
38
163
314
435
154
232
296
448
366
482
317
745
358
718
287
378
103
91
118
348
206
305
269
244
400
204
405
224
333
180
425
128
105
278
330
137
296
261
478
318
132
69
77
54
117
253
282
229
63
95
159
208
111
88
400
157
45
731
21
198
748
864
252
393
453
108
229
102
347
235
245
446
216
488
146
362
75
323
67
214
71
349
138
357
352
352
457
279
391
93
183
202
687
532
333
127
236
153
90
149
118
164
195
149
255
206
762
296
529
298
201
409
379
149
242
185
599
79
191
409
113
647
67
193
164
202
99
171
328
558
108
144
793
78
482
271
193
148
171
261
144
169
91
228
411
178
113
48
367
252
310
341
602
464
225
132
155
157
409
72
207
498
230
150
67
396
165
178
246
184
123
1149
113
86
932
163
648
160
157
429
219
132
191
454
77
222
347
138
437
1100
43
303
132
359
238
567
800
734
283
96
362
202
288
120
76
178
614
177
412
568
861
131
520
212
694
144
513
515
142
283
499
306
155
370
890
441
362
127
245
102
59
222
211
149
285
123
507
611
214
428
380
231
165
201
90
82
184
106
41
112
260
71
127
154
275
407
255
475
744
82
151
177
76
230
259
66
76
136
259
321
415
225
344
73
204
491
274
556
238
459
253
267
436
172
249
445
125
183
81
328
316
83
440
244
158
271
716
450
266
1085
241
126
80
262
137
493
471
166
228
288
388
266
478
482
787
79
161
82
92
414
596
381
207
160
267
110
638
161
133
129
99
419
462
54
150
409
213
242
178
313
544
363
201
157
505
117
218
282
95
587
91
196
350
158
34
395
323
274
400
173
476
46
215
69
256
59
172
249
605
146
404
226
459
391
435
498
197
798
155
329
499
430
208
205
131
53
311
149
219
488
155
473
249
676
128
129
276
115
433
667
462
381
626
92
322
123
99
644
318
298
386
532
261
166
91
174
275
311
71
322
335
339
592
218
57
631
250
112
561
190
286
657
78
99
801
170
243
237
704
178
111
95
196
74
102
264
429
224
296
207
245
94
267
166
189
63
196
503
96
247
206
139
381
474
451
610
137
1074
596
286
302
385
337
324
229
119
278
433
72
159
230
214
74
125
187
145
113
803
214
219
274
244
311
231
197
145
264
96
212
340
78
346
432
251
115
563
257
276
186
180
51
113
61
141
384
75
75
431
162
111
167
706
146
154
877
292
196
307
192
598
240
445
101
436
336
253
855
248
328
87
759
315
452
655
329
746
110
235
262
177
94
255
337
229
164
178
399
138
238
98
136
98
78
142
207
245
300
190
229
330
115
57
53
798
135
647
310
633
131
121
341
193
192
290
161
573
898
55
708
220
249
328
77
503
284
117
281
633
197
166
298
150
90
103
542
263
189
173
27
211
175
434
113
134
211
395
331
596
144
315
516
32
206
272
152
73
115
193
303
110
301
168
122
839
353
237
203
140
59
597
233
207
446
382
150
507
523
108
97
91
264
954
344
890
165
206
162
100
173
480
67
106
134
209
159
662
185
232
497
116
190
172
497
176
128
423
500
114
791
73
247
957
198
259
126
164
458
162
163
258
114
78
133
273
642
210
196
208
170
192
137
121
253
255
95
645
386
377
224
157
213
99
204
88
187
1028
264
307
112
364
654
149
148
296
449
169
302
668
280
106
381
80
237
1004
225
78
636
326
374
70
103
113
253
434
544
288
141
433
130
376
259
226
669
97
522
548
334
325
95
911
136
134
612
40
564
380
388
241
174
180
188
240
139
256
647
373
46
308
347
71
60
162
241
601
403
104
256
52
531
552
186
439
442
365
208
493
264
361
303
207
108
733
179
324
238
235
393
276
695
141
377
66
551
624
92
439
946
361
994
869
751
516
176
138
196
73
216
92
49
543
608
161
271
85
158
153
1100
131
133
701
130
297
154
83
139
771
249
585
243
285
488
477
209
295
432
234
651
227
100
144
1090
143
246
423
222
139
157
348
228
169
256
301
129
980
374
57
78
131
196
285
202
97
74
353
160
238
567
440
1012
259
87
248
104
1302
672
137
286
195
513
145
260
92
378
231
347
113
101
173
200
99
218
182
75
101
390
369
221
67
385
135
632
1072
362
1106
73
100
128
166
169
119
201
109
237
276
53
824
163
359
196
128
138
87
312
360
138
97
173
548
372
271
127
98
396
116
518
154
224
325
587
457
218
394
424
193
162
124
461
330
205
163
82
281
242
150
235
334
269
191
307
291
105
121
307
141
177
446
214
229
76
386
335
138
42
224
78
147
138
121
544
242
148
175
213
247
164
85
344
260
410
192
314
412
289
225
284
683
596
37
157
366
85
640
336
218
589
479
148
112
91
449
192
169
267
398
739
375
825
336
119
741
561
354
162
422
197
48
301
217
408
181
243
76
46
194
266
93
331
226
249
1087
430
379
550
126
298
375
396
957
224
246
175
808
405
423
37
220
93
145
618
295
157
307
587
250
171
108
140
324
185
502
84
91
244
122
258
59
107
223
570
305
444
335
201
269
75
404
295
1065
448
298
70
78
206
539
480
248
461
176
388
310
131
363
590
112
498
110
717
489
132
219
312
65
146
253
89
414
280
267
72
202
154
230
167
41
316
998
105
91
157
42
296
94
199
58
64
233
451
108
92
290
716
76
590
156
69
511
92
252
698
240
223
291
336
260
121
694
40
121
342
422
612
605
104
133
387
288
467
371
132
263
310
187
182
55
225
617
366
402
160
352
319
267
322
356
226
90
1065
720
176
229
176
358
155
343
373
243
397
113
264
152
90
266
29
65
321
113
69
137
153
561
1260
37
256
527
33
245
398
105
182
208
442
531
110
225
145
89
108
100
542
537
120
337
83
146
501
133
260
76
1226
251
136
271
492
93
402
320
538
222
109
198
244
253
158
266
47
236
53
512
227
97
412
315
200
1131
326
289
490
77
205
143
563
876
470
160
447
283
164
643
377
378
215
279
197
309
373
451
151
205
203
244
316
185
386
163
299
164
293
125
115
239
436
58
448
100
118
420
347
162
426
135
277
379
1115
729
373
47
214
186
290
150
140
101
305
291
566
239
553
144
263
113
564
285
200
121
214
339
218
269
221
504
138
320
599
124
885
231
573
325
182
326
396
362
110
171
397
169
562
358
111
349
342
87
555
215
291
361
76
274
211
606
206
491
287
140
249
944
270
122
123
162
201
376
218
257
138
110
145
114
169
167
220
580
219
311
538
180
169
269
251
340
239
676
613
315
616
49
413
213
160
63
285
271
216
409
429
212
276
499
55
624
379
421
385
179
141
157
626
649
193
249
60
99
682
138
302
431
381
128
326
282
119
350
120
580
281
807
188
371
625
337
106
177
649
215
51
305
458
331
724
217
33
460
212
736
207
479
206
987
55
174
280
221
242
560
38
341
401
578
102
301
233
767
474
215
304
1472
682
110
319
253
185
104
145
139
429
439
658
312
760
455
199
180
82
226
54
100
701
304
161
266
112
137
367
536
137
67
218
167
91
303
426
607
95
188
275
725
206
138
137
370
250
306
325
86
144
48
399
283
153
313
126
426
55
122
272
212
159
107
257
63
241
135
115
158
60
153
151
464
306
279
307
112
389
265
297
114
860
47
88
459
281
357
585
431
440
277
321
180
593
257
52
318
261
260
45
332
184
220
807
504
182
285
584
598
106
88
79
98
198
707
76
212
104
348
106
94
121
138
166
273
58
345
103
503
470
85
149
33
214
199
253
170
1094
201
219
128
152
299
755
317
1064
291
1022
235
248
483
1641
400
126
425
131
355
265
82
45
235
245
579
112
122
302
410
203
628
81
163
159
56
310
306
507
73
327
427
88
57
428
185
160
316
114
328
390
121
219
466
479
221
169
199
170
123
216
717
250
139
135
538
107
146
92
882
65
233
535
257
723
771
461
240
105
218
168
140
87
1118
68
93
427
213
313
118
181
171
171
480
357
708
169
762
56
284
252
102
407
240
57
116
247
41
270
878
668
373
222
597
154
101
120
497
293
220
139
136
37
210
520
172
40
227
163
413
222
172
109
78
291
108
595
300
104
1029
85
247
170
303
442
174
663
152
438
200
282
218
59
140
236
266
293
167
269
49
268
110
394
237
755
276
174
76
1231
177
150
587
418
252
179
109
111
190
207
170
136
91
188
971
98
457
105
49
178
136
272
188
37
695
262
59
86
668
90
286
454
474
369
116
205
214
118
227
236
418
606
102
412
30
100
400
602
91
68
105
294
134
467
318
418
108
252
62
226
325
362
138
399
49
92
1138
122
230
526
206
83
235
94
288
228
101
710
50
89
306
283
176
68
271
66
213
267
715
596
279
119
237
236
73
849
146
234
1034
271
221
107
81
357
163
60
222
645
638
330
473
216
149
195
618
154
122
75
792
1004
539
45
515
89
162
208
76
222
123
87
369
133
288
250
431
429
137
106
295
172
362
292
97
131
314
86
358
212
97
266
322
117
457
335
244
140
64
277
629
79
280
477
240
103
178
249
344
145
347
305
362
156
497
136
217
191
170
70
168
31
208
242
126
629
88
156
831
84
142
194
62
303
91
141
319
1046
229
338
187
238
157
425
365
82
718
160
511
371
136
299
149
232
200
181
70
156
616
540
401
107
130
91
538
61
393
85
235
102
32
305
148
306
331
1145
71
144
342
278
283
378
650
89
205
287
190
658
106
575
765
168
522
260
339
299
114
798
64
116
107
98
342
423
436
88
343
369
83
145
673
46
388
427
183
471
176
302
159
164
344
339
294
513
396
514
111
198
191
160
224
545
120
187
51
343
602
382
523
228
194
275
110
253
339
288
223
145
278
279
1218
182
130
272
106
399
218
173
181
368
163
372
360
225
57
429
721
578
96
315
998
226
103
266
334
196
212
282
161
739
93
314
732
693
287
518
80
257
92
173
245
81
411
194
599
139
313
58
284
272
79
176
244
226
347
454
284
439
409
397
357
175
447
349
68
61
444
298
484
790
368
113
231
187
424
134
110
402
135
409
131
442
691
230
208
114
1363
104
539
172
645
1154
164
371
203
333
680
90
406
855
285
130
284
547
364
259
170
155
163
112
60
568
515
196
552
142
278
405
274
322
206
157
308
284
634
447
149
220
171
218
268
315
172
378
279
564
564
188
186
78
72
365
379
584
564
367
50
231
200
155
238
748
737
104
224
216
316
163
196
644
447
358
770
86
493
189
220
293
583
389
378
76
299
72
176
182
592
183
99
121
216
407
135
428
145
269
88
251
78
277
510
105
363
51
243
305
600
130
599
64
782
183
93
122
1121
189
189
199
81
407
209
155
712
511
30
245
198
296
299
387
265
404
484
150
634
574
131
187
341
133
193
175
1025
161
320
289
305
394
135
407
251
220
228
139
159
278
70
656
334
163
231
378
245
516
355
245
495
32
613
208
200
164
530
549
103
156
184
131
238
379
187
240
346
150
741
46
374
140
127
364
595
128
319
169
119
93
91
986
269
543
134
219
163
300
1121
561
103
530
383
409
313
204
294
93
372
303
188
51
301
303
66
268
169
474
115
78
916
155
128
146
113
406
233
147
575
115
182
104
258
378
237
191
338
343
237
391
345
49
186
91
202
174
55
151
314
263
207
286
97
94
79
890
1184
528
470
299
125
380
337
209
256
69
83
470
56
557
117
364
323
397
110
226
244
174
108
190
90
747
302
377
281
142
285
299
877
343
423
111
138
282
791
43
605
224
407
220
171
137
613
350
193
465
174
124
512
366
329
288
340
48
272
545
102
492
680
300
148
397
190
206
137
114
331
341
182
276
216
233
571
134
489
81
428
224
366
343
368
407
177
259
90
72
601
367
151
85
203
194
297
429
315
232
114
63
298
497
82
269
192
92
91
397
428
235
525
80
586
175
392
74
557
180
382
361
322
622
112
183
160
169
491
358
226
259
204
73
347
212
341
355
509
289
121
477
245
289
873
623
65
256
143
236
123
85
463
289
205
318
157
157
117
145
291
207
424
97
780
96
182
500
132
72
79
174
183
79
508
251
117
212
242
152
624
373
603
474
87
560
598
672
336
388
132
153
109
162
235
103
109
938
147
174
614
733
194
177
494
513
78
231
269
181
333
160
840
590
161
886
167
86
230
410
444
340
151
351
272
33
106
91
309
333
203
443
110
446
89
566
68
204
199
309
302
277
613
304
61
135
218
181
159
284
92
159
354
258
125
350
93
185
175
670
514
235
219
341
906
88
361
296
336
89
504
219
485
230
613
51
141
253
101
256
486
113
310
135
166
103
298
147
52
382
589
163
144
147
126
703
472
262
111
1327
35
218
84
141
142
575
299
797
421
54
293
53
322
255
155
596
264
227
564
386
132
231
320
476
98
48
398
388
273
33
50
381
152
396
147
233
59
69
810
634
121
255
79
27
33
266
65
171
93
556
381
218
103
643
317
342
100
297
100
301
195
289
52
161
245
536
392
101
561
208
375
320
223
98
765
128
89
307
219
196
425
389
381
183
302
113
237
79
153
135
84
126
314
537
202
263
193
81
154
193
136
191
252
353
143
211
59
333
289
341
422
132
391
148
433
230
249
414
612
335
104
254
233
206
188
37
212
184
232
196
264
137
581
221
59
414
224
120
33
516
196
70
311
625
242
374
497
441
659
307
249
591
152
291
372
54
270
356
272
289
567
498
170
107
169
255
960
429
373
181
189
131
491
349
703
209
241
181
312
455
352
56
192
223
91
441
130
90
88
142
346
357
131
195
212
362
568
271
257
115
141
120
924
89
70
125
430
313
658
351
101
516
134
217
893
33
151
265
345
264
40
139
328
592
479
595
125
121
212
239
199
254
306
174
271
269
433
444
525
703
390
193
565
113
247
213
325
208
230
566
129
634
156
150
107
122
642
214
213
161
296
417
477
279
24
715
258
231
152
597
104
164
164
105
143
296
135
256
200
122
50
741
390
142
294
273
381
166
89
448
80
212
195
189
60
243
255
669
91
224
478
154
233
52
133
337
230
219
123
128
318
667
177
257
216
158
60
999
137
69
144
1056
238
236
324
473
629
248
614
691
147
304
457
245
116
63
156
200
151
400
365
73
241
96
295
369
86
377
555
215
96
360
135
78
279
336
118
274
71
80
89
107
91
159
165
179
303
66
182
259
55
101
323
280
114
429
660
65
459
154
222
798
131
261
497
395
181
156
326
514
186
204
478
129
260
81
193
116
84
161
164
552
133
141
160
739
72
131
95
238
351
25
363
435
155
529
215
52
380
206
296
343
306
529
142
396
233
419
312
166
242
205
53
210
141
132
163
203
210
165
202
213
41
136
301
594
148
219
375
88
128
552
127
974
272
218
271
55
264
105
212
241
343
83
53
283
167
519
351
824
408
165
327
114
1230
439
281
191
218
138
393
65
165
173
216
183
396
276
478
76
473
232
216
170
76
133
390
152
194
236
88
244
398
203
270
277
701
517
548
237
645
1426
559
398
279
197
648
160
312
128
251
86
227
395
253
181
231
55
137
935
472
299
599
218
578
103
88
139
495
245
298
143
134
1098
927
326
89
233
148
331
510
141
172
156
882
595
86
700
282
112
143
419
219
183
798
587
99
279
71
237
399
538
1435
67
215
245
168
298
77
55
112
366
377
327
59
97
268
161
177
126
582
84
261
96
191
234
783
242
113
161
233
121
304
444
242
347
540
445
148
163
236
149
167
83
477
223
281
146
216
45
120
436
335
302
195
902
336
54
144
129
215
159
525
295
725
77
71
310
702
177
642
46
162
76
72
469
138
296
409
182
381
154
185
71
686
632
248
361
326
100
163
259
297
70
130
237
606
161
73
329
71
360
721
563
580
103
79
228
273
399
705
56
241
75
332
197
165
731
295
151
229
163
222
106
412
439
239
654
830
62
48
104
430
217
76
166
115
156
711
120
550
270
159
169
449
272
174
823
188
329
568
86
1209
757
71
356
335
253
44
77
236
336
432
397
245
208
247
424
310
263
251
374
533
518
490
250
146
58
123
487
238
336
472
96
115
310
289
137
179
167
346
323
570
347
134
159
288
116
135
492
103
330
145
59
112
91
444
649
105
425
190
65
265
324
132
175
248
107
176
170
179
471
327
210
134
151
205
334
109
404
125
146
224
51
269
169
69
528
300
102
575
224
189
86
240
248
638
839
538
269
89
65
347
141
137
595
305
134
361
1569
158
36
134
315
165
243
137
391
106
239
652
183
612
629
282
413
680
252
751
256
399
429
573
520
218
249
244
167
371
425
427
129
734
49
558
202
212
179
883
369
246
375
829
239
159
44
95
198
72
931
448
184
205
497
326
186
312
239
296
294
74
107
295
264
153
144
126
82
148
397
486
524
26
164
1242
84
121
96
254
651
111
138
147
340
393
319
524
250
79
332
711
82
252
251
286
299
183
63
119
275
108
83
83
226
257
617
106
59
474
335
255
499
60
343
699
119
266
108
151
153
527
85
137
721
196
448
150
266
33
247
263
97
637
366
283
266
128
1124
96
262
537
578
399
560
290
388
716
370
804
456
148
286
333
82
145
192
268
322
169
230
246
855
262
82
678
433
83
104
504
93
91
268
334
108
284
194
478
338
223
430
113
309
409
309
97
201
207
398
144
232
271
269
238
201
531
244
148
1042
162
297
139
389
459
137
120
329
48
119
180
240
229
42
78
230
363
735
603
173
82
259
191
144
160
392
287
246
506
480
159
764
97
250
205
224
218
207
534
236
73
471
389
193
42
157
770
618
107
155
593
412
398
156
736
192
274
382
545
367
102
452
360
456
193
150
45
139
805
225
118
199
121
723
43
215
434
229
255
118
207
78
407
262
419
185
104
325
842
321
76
327
224
394
103
173
187
350
902
351
75
68
228
45
58
333
97
439
289
219
172
166
303
79
194
79
349
112
41
71
312
193
1468
213
535
420
594
231
52
299
345
365
62
285
147
241
177
84
831
312
258
326
195
294
407
128
606
253
215
164
329
396
71
242
687
277
680
755
436
54
124
323
764
339
67
291
150
162
79
249
130
100
455
128
673
154
218
140
153
337
272
151
777
415
224
58
445
278
398
108
283
125
159
369
546
295
410
441
304
115
68
436
212
154
417
94
148
60
276
191
122
121
124
271
845
653
191
354
218
234
37
332
133
302
196
268
362
188
244
537
1187
196
174
153
145
617
130
286
202
157
83
83
686
53
280
267
100
386
30
150
44
137
145
274
290
900
95
246
689
38
140
206
101
523
484
367
270
161
198
695
93
298
190
558
370
422
246
361
106
368
90
200
519
305
182
492
262
830
112
145
994
109
238
169
170
128
115
103
251
432
117
505
606
473
598
128
110
199
363
916
74
543
288
325
490
287
703
687
295
302
246
54
607
344
571
194
227
139
544
57
112
804
146
843
381
68
188
32
276
196
485
241
218
48
309
230
112
320
204
774
364
186
339
167
144
175
269
122
281
287
934
145
527
140
51
481
68
287
251
97
117
110
37
100
275
423
255
101
237
263
824
59
197
496
232
354
47
573
593
153
193
329
236
166
339
284
203
364
473
74
348
55
52
255
626
134
147
124
101
48
208
78
129
229
213
867
155
173
253
480
271
123
169
204
350
240
123
148
394
61
570
419
247
146
232
866
270
305
115
782
486
613
102
297
117
121
308
83
147
329
187
480
100
382
100
290
54
398
37
94
70
413
180
150
179
373
191
215
114
288
488
111
119
25
369
424
322
278
142
137
201
419
131
145
394
233
145
193
1042
144
171
751
345
261
198
273
123
202
369
142
646
192
135
615
250
81
737
123
174
227
520
104
686
448
863
1169
312
464
372
144
362
127
110
314
132
105
322
708
33
118
308
255
316
252
346
99
227
265
258
529
152
89
404
580
190
116
523
356
485
270
100
618
368
291
50
429
30
92
197
236
385
473
230
201
166
182
270
285
160
199
222
137
249
158
662
356
262
439
260
380
194
495
372
510
353
167
715
506
196
251
331
121
86
201
184
158
145
157
202
453
656
188
93
317
250
456
166
278
145
310
66
82
250
75
409
145
76
262
160
179
782
135
360
265
496
398
942
312
214
96
1043
636
336
602
151
155
319
322
58
155
202
297
350
164
304
227
86
140
1112
87
175
87
156
226
91
278
181
219
324
72
266
208
333
117
871
438
291
360
371
69
484
87
505
206
295
174
241
164
183
370
142
35
208
610
172
147
280
361
121
277
192
115
56
407
264
116
252
144
138
95
351
768
282
138
364
203
49
283
415
62
255
237
97
63
541
121
175
222
275
165
128
227
342
597
206
233
390
147
106
240
118
460
222
99
501
212
221
467
96
474
144
194
71
455
209
494
173
158
352
49
192
509
114
251
256
171
397
97
326
256
63
84
183
200
360
410
34
426
166
339
82
133
154
270
69
757
99
364
210
116
482
320
217
109
220
175
88
402
88
161
487
339
238
355
426
41
321
321
211
430
610
341
357
157
203
406
188
210
101
110
198
311
394
192
77
119
200
319
145
435
206
104
66
540
243
340
381
235
79
345
162
392
305
104
679
99
215
292
186
229
355
186
145
840
99
252
401
417
73
395
258
112
491
413
136
477
217
374
658
417
310
161
200
425
142
110
138
157
251
97
189
234
516
174
288
263
164
128
179
462
102
507
677
277
239
168
191
393
288
143
755
282
131
357
129
199
352
208
143
108
260
680
149
213
115
273
214
351
186
458
212
455
215
367
517
190
135
296
507
1065
143
225
416
92
143
301
590
65
1089
439
1142
382
134
189
277
497
425
124
82
220
190
40
128
247
56
285
101
192
354
492
361
772
374
174
137
869
461
194
132
334
100
200
211
255
454
57
273
235
216
170
196
188
99
229
933
524
122
126
343
283
792
161
209
271
141
393
130
216
72
352
433
161
531
133
121
512
142
95
354
48
277
194
669
148
726
939
149
525
258
364
468
126
145
102
522
178
314
349
733
197
1072
377
525
187
92
255
220
274
128
183
191
636
132
241
302
503
133
630
380
148
179
307
171
459
240
142
86
148
266
417
87
39
416
177
378
346
1513
137
398
127
564
47
178
621
165
96
734
416
266
181
312
49
326
90
271
161
607
691
1093
108
143
185
151
205
183
143
559
996
227
645
297
89
337
409
88
49
594
448
334
316
1133
259
408
153
90
405
437
655
177
279
186
392
457
125
205
487
588
608
119
295
405
118
125
111
247
1344
346
194
250
139
721
134
207
220
191
212
149
118
417
347
200
300
57
244
454
365
84
240
154
281
576
161
274
173
792
78
152
296
725
232
394
132
187
309
114
207
424
102
292
528
152
82
111
105
326
118
123
131
178
96
483
48
273
252
391
388
158
578
103
134
417
155
137
753
270
229
557
539
131
293
147
189
454
240
163
121
208
442
383
74
183
100
328
47
234
168
65
233
830
437
255
44
217
146
259
1101
673
345
450
397
398
322
389
507
246
460
282
316
162
94
578
168
314
855
303
311
118
202
206
146
116
154
92
396
357
240
268
220
184
40
557
292
219
291
184
417
448
585
227
588
130
202
448
239
104
150
160
717
295
94
354
178
100
129
499
648
42
324
343
153
204
37
219
273
482
139
101
145
248
1056
438
406
131
311
141
232
165
192
115
114
179
245
212
370
184
268
384
264
170
495
194
262
105
437
588
88
47
104
307
264
184
307
345
581
287
310
312
234
109
197
174
228
139
401
115
307
34
524
432
596
79
160
610
201
182
121
146
365
771
303
184
252
422
32
232
54
179
126
145
652
173
105
450
175
264
259
905
589
248
127
284
58
198
139
157
681
375
160
203
538
130
156
815
201
248
228
96
276
247
161
95
387
318
296
225
99
93
144
170
452
211
209
85
359
203
170
1335
636
119
387
151
936
295
228
348
119
123
55
136
110
236
119
137
399
278
1471
245
170
218
88
185
186
141
541
393
67
156
131
137
825
354
152
602
609
111
37
99
299
140
99
120
143
192
421
108
408
193
526
354
56
451
257
110
81
76
586
124
247
416
832
345
178
133
185
296
499
236
728
478
692
285
380
69
89
116
465
572
79
539
274
70
487
109
284
144
215
950
565
111
267
348
466
372
501
238
198
188
86
177
85
569
94
414
196
223
341
172
274
270
182
111
197
203
307
117
111
314
274
65
187
114
164
419
123
115
353
131
269
126
179
273
83
108
127
186
138
226
155
265
186
328
231
406
469
185
717
705
96
364
61
497
148
62
347
220
132
476
175
274
151
131
208
106
113
187
120
485
282
44
84
95
46
415
704
119
642
353
93
97
182
307
282
156
589
365
367
436
344
360
1176
531
786
85
151
138
657
501
84
390
191
296
43
192
163
149
615
415
468
253
199
472
86
233
44
297
67
147
207
704
52
450
291
124
77
160
62
493
345
232
170
118
373
346
114
97
106
194
223
94
312
262
506
230
121
94
382
120
91
154
283
548
295
1072
535
69
54
426
90
198
131
227
330
858
352
185
341
174
851
120
216
280
589
256
382
230
222
318
43
488
357
174
149
330
343
1067
283
883
207
118
65
180
296
412
445
589
232
199
405
177
188
511
561
727
195
114
128
325
543
241
307
405
49
198
207
399
216
459
834
208
384
646
173
626
118
107
331
167
1382
221
582
373
362
429
375
235
141
39
320
333
146
480
97
439
170
225
195
277
187
371
163
208
261
163
190
270
173
219
593
242
780
27
98
219
236
217
81
194
88
265
434
258
141
488
611
93
220
188
307
423
668
54
506
228
193
339
213
384
237
335
280
714
186
140
229
256
145
413
490
357
198
297
127
235
90
524
42
737
46
135
658
98
606
158
76
83
213
141
482
248
446
157
327
373
347
487
56
151
565
173
165
1112
78
187
502
175
186
731
39
283
1519
340
278
155
126
258
332
69
532
244
416
229
212
304
417
193
117
431
159
326
643
413
174
604
115
211
78
349
92
126
187
267
57
358
234
358
253
76
230
242
626
476
70
187
39
481
374
93
279
109
229
190
177
335
278
309
911
254
102
2215
563
65
324
398
318
387
184
157
1057
128
412
573
572
235
292
111
689
216
432
411
339
444
140
186
67
295
206
350
570
285
129
354
174
711
194
76
575
133
292
493
419
632
205
147
37
118
190
822
282
451
681
394
211
245
164
313
582
73
203
418
409
680
253
82
534
152
154
244
181
412
183
337
265
395
280
41
214
138
193
74
165
206
118
144
43
405
368
124
513
269
116
155
98
71
95
426
292
77
283
284
125
402
70
126
468
583
80
174
349
232
238
223
171
101
94
228
76
237
730
202
101
800
384
533
396
279
183
312
156
52
197
448
97
177
406
241
169
218
511
402
137
96
509
317
223
346
243
242
177
231
289
133
504
53
295
221
73
412
153
315
335
318
275
69
231
1131
143
463
122
363
214
655
58
265
225
185
419
222
539
162
852
455
115
145
325
213
249
65
1298
189
125
727
205
165
184
465
170
145
145
238
141
554
197
481
135
184
161
375
266
140
405
152
445
143
176
447
158
115
396
330
99
83
701
263
131
782
357
75
320
106
438
197
219
287
150
92
370
222
243
245
542
383
175
170
116
711
287
359
246
241
692
269
198
527
151
106
354
145
286
282
588
196
270
712
124
217
256
330
162
540
493
202
142
334
390
430
275
70
358
201
132
388
73
318
180
247
273
627
172
321
392
133
129
299
169
513
780
60
556
174
184
82
141
158
501
159
237
843
448
198
541
275
250
647
286
160
33
994
76
403
368
123
703
241
796
442
145
345
74
367
1290
1306
58
96
267
131
440
338
79
434
389
370
64
167
486
1380
451
65
400
285
188
151
186
823
424
758
420
201
209
194
85
497
282
79
246
448
164
143
277
81
200
188
442
228
747
200
119
517
669
971
559
963
666
544
864
119
325
464
267
230
405
274
134
205
63
114
187
268
263
188
142
118
74
36
99
207
503
126
216
210
396
444
375
189
256
351
434
292
283
324
166
344
138
321
62
297
338
102
250
1365
251
575
43
217
154
140
309
179
103
316
133
77
120
692
256
228
273
309
164
67
215
146
193
212
100
401
384
810
191
105
125
160
341
207
192
301
162
373
583
304
33
166
57
83
208
378
128
335
429
394
79
199
40
463
440
111
95
152
231
428
504
131
463
177
537
420
69
228
148
348
59
182
135
155
528
704
174
447
315
317
85
465
162
126
221
441
186
370
410
620
122
273
310
918
145
482
231
328
840
312
162
306
394
127
202
68
547
582
381
125
269
115
295
206
218
379
181
209
229
386
384
430
485
404
220
788
25
333
122
88
247
784
187
172
497
80
63
408
346
151
381
311
69
100
453
485
314
391
669
172
518
381
226
79
263
115
75
464
539
305
148
162
865
107
401
343
513
163
284
276
198
395
783
150
261
103
847
276
388
125
296
529
481
816
775
82
384
175
178
444
190
893
84
409
419
156
152
203
384
59
135
324
303
388
116
174
355
214
386
33
640
126
494
147
235
164
291
369
296
203
382
43
169
297
330
198
127
188
122
128
231
133
512
293
164
387
138
261
118
143
162
360
388
571
83
402
88
813
412
106
95
183
111
446
177
246
229
657
195
290
187
120
995
202
180
693
324
303
228
263
387
567
394
319
304
322
264
132
93
589
579
187
182
319
394
175
146
44
141
189
497
548
327
665
138
300
98
106
140
362
54
248
93
188
860
117
700
360
184
535
209
218
134
159
430
98
114
99
738
108
122
784
533
269
116
302
555
289
260
532
293
430
220
128
237
723
220
392
62
178
659
250
354
81
657
122
255
733
151
270
366
318
916
623
371
110
210
61
125
490
325
767
110
279
197
706
116
320
568
92
552
80
313
574
409
401
309
141
477
942
440
130
270
534
94
145
180
116
334
246
370
547
190
248
150
249
747
79
581
82
532
976
98
705
266
76
456
35
98
519
320
427
140
903
127
510
279
248
120
97
361
108
169
205
257
230
361
276
84
119
218
271
166
117
325
168
203
94
307
914
189
172
117
105
134
184
167
218
148
290
141
268
842
196
71
369
182
105
391
79
108
287
846
213
553
155
588
154
129
66
207
93
90
148
193
274
110
99
244
37
225
297
229
75
505
270
166
266
533
131
313
178
462
108
90
207
306
281
87
253
177
78
223
97
390
239
681
427
245
121
1144
243
174
149
132
151
180
326
808
97
157
94
313
307
204
129
215
639
389
192
95
708
97
231
251
444
80
234
196
398
439
91
54
105
34
243
54
122
184
272
607
68
234
97
551
435
67
534
620
177
443
30
372
581
166
145
56
157
528
192
254
599
867
81
144
268
404
375
522
1146
306
35
504
235
358
75
540
394
865
451
445
234
562
54
46
218
469
228
159
228
206
369
401
99
545
293
374
161
171
98
83
335
258
57
79
109
503
456
106
151
124
204
307
437
224
196
58
684
57
213
483
206
179
40
429
247
820
360
490
249
175
452
417
227
81
331
133
176
182
677
408
298
270
294
121
178
196
92
386
125
139
63
587
448
186
474
229
303
156
61
171
363
895
492
70
113
261
323
226
157
269
378
97
109
207
1858
214
230
52
228
335
136
203
564
416
214
142
86
440
250
182
249
101
63
353
273
554
64
749
277
75
346
191
759
129
224
1192
73
449
117
297
246
154
151
142
31
638
482
182
155
72
657
391
274
195
111
80
196
114
101
348
251
101
1169
104
155
103
423
260
662
93
197
112
197
392
392
149
278
788
118
77
159
382
231
306
145
1224
813
473
151
191
387
93
150
328
329
405
247
417
58
102
949
167
201
101
42
100
129
802
261
71
391
714
389
60
125
510
616
153
842
229
206
330
282
831
100
690
153
702
73
151
326
74
121
58
185
135
117
444
258
73
220
778
620
201
102
450
158
400
231
208
444
290
70
89
253
151
185
108
112
238
434
83
197
172
224
152
197
258
120
261
422
288
749
116
838
130
184
127
475
173
476
231
124
116
115
411
267
281
108
245
267
809
183
170
284
184
189
222
579
66
94
316
85
244
213
99
284
147
129
80
845
83
129
969
183
318
194
162
178
677
59
452
308
321
484
203
147
224
325
254
340
157
117
116
407
93
173
229
221
174
111
166
143
1073
219
127
131
396
121
126
487
196
311
179
102
167
376
122
77
408
278
226
179
472
307
336
124
436
159
124
318
130
461
113
378
288
387
478
331
185
116
149
130
158
229
659
248
75
210
654
121
44
239
223
154
240
481
194
338
298
572
264
279
270
233
403
298
501
1066
256
377
58
151
95
322
689
301
351
308
376
54
401
300
39
52
209
635
214
348
139
567
243
269
157
630
469
200
150
397
307
153
552
354
126
137
321
245
412
345
279
313
74
599
300
209
178
306
206
120
244
540
290
263
170
390
428
576
236
416
335
65
234
129
77
300
488
184
633
222
215
125
83
426
156
183
412
699
606
582
671
229
982
93
328
254
112
254
264
321
282
68
273
257
215
113
271
52
100
272
130
506
313
1944
94
325
352
641
405
588
688
384
278
204
517
763
100
405
255
260
103
146
490
54
426
766
702
168
303
122
72
409
123
834
281
181
78
254
161
316
442
117
296
94
167
129
131
102
212
92
313
43
599
352
170
48
175
470
348
235
100
214
112
463
684
373
360
105
102
407
78
208
769
745
179
55
54
231
468
278
249
1105
210
337
101
209
332
629
108
359
332
335
54
152
119
362
26
274
346
266
656
432
179
115
315
74
227
177
370
1167
411
138
392
166
961
204
885
521
281
75
1160
162
101
426
138
152
170
75
311
214
219
153
176
41
198
343
330
573
140
869
305
75
160
166
265
125
250
336
390
283
132
141
272
290
208
564
114
194
290
235
197
387
508
105
425
655
59
182
161
270
202
414
380
25
736
160
222
59
468
160
79
233
35
194
433
393
183
286
422
752
255
70
302
240
391
338
456
257
706
278
190
78
405
101
247
163
627
280
941
322
453
495
172
366
352
119
270
238
628
738
463
283
296
152
239
348
212
216
227
225
674
326
374
199
175
219
62
192
60
497
125
288
412
91
200
495
315
429
62
89
111
340
314
315
116
93
739
169
322
408
409
598
369
153
103
315
328
772
628
335
155
426
189
181
145
160
77
548
210
1004
195
272
253
195
398
238
615
143
375
218
257
340
108
139
229
245
244
427
1442
265
145
205
256
197
200
613
553
56
426
360
85
108
416
147
606
